image: doors.png
resolution: 0.001
origin: [0.000001, 0.000001, 0.000001]
occupied_thresh: 0.65